y <- c(0,25,50,75,100)
z <- c(50, 50, 50, 50,50)
y == z
y != z
y > z
y < z
y >= z
y <= z
y == 50 # c(50, 50, 50, 50, 50)
y > 50

num1 <- 11 # c(11)
num2 <- 3  # c(3)
num1 / num2
num1 %% num2
num1 %/% num2

